image: map.pgm
mode: trinary
resolution: 0.048
origin: [-6.51200771, -3.01626778, 0.0]
negate: 0
occupied_thresh: 0.65
free_thresh: 0.196
